
(500,	7.379679)
(1000,	6.847919)
(1500,	6.713919)
(2000,	6.652699)
(2500,	6.585889)
(3000,	6.556836)
(3500,	6.517672)
(4000,	6.456199)
(4500,	6.394316)
(5000,	6.263309)
(5500,	6.145398)
(6000,	6.034562)
(6500,	5.908969)
(7000,	5.824164)
(7500,	5.677164)
(8000,	5.537273)
(8500,	5.472305)
(9000,	5.368391)
(9500,	5.306070)
(10000,	5.219062)
(10500,	5.216273)
(11000,	5.117508)
(11500,	5.071281)
(12000,	5.023922)
(12500,	4.984531)
(13000,	4.941766)
(13500,	4.915547)
(14000,	4.861719)
(14500,	4.810562)
(15000,	4.807766)
(15500,	4.776516)
(16000,	4.724172)
(16500,	4.720266)
(17000,	4.656281)
(17500,	4.640609)
(18000,	4.632531)
(18500,	4.617375)
(19000,	4.566344)
(19500,	4.580469)
(20000,	4.558328)
(20500,	4.528047)
(21000,	4.536109)
(21500,	4.497297)
(22000,	4.461594)
(22500,	4.455094)
(23000,	4.436656)
(23500,	4.416906)
(24000,	4.406109)
(24500,	4.416875)
(25000,	4.385156)
(25500,	4.366094)
(26000,	4.359531)
(26500,	4.377531)
(27000,	4.336437)
(27500,	4.335438)
(28000,	4.320250)
(28500,	4.320875)
(29000,	4.305594)
(29500,	4.295063)
(30000,	4.297875)
(30500,	4.295813)
(31000,	4.294531)
(31500,	4.264125)
(32000,	4.255312)
